Ecoregion	FieldCapacity	Lat	Lon
1	43.1	44.4	-73.2
2	27.9	44.3	-72.6
3	27.9	44.3	-72.6
4	22.3	44.7	-73.2
5	23.1	44.3	-72.4
6	22.7	44.5	-72.3
7	19.0	44.9	-71.4
8	10.1	44.6	-72.5
9	10.1	44.5	-73.1
12	8.8	44.9	-72.9
14	16.7	44.8	-73.0
15	14.2	44.6	-72.7
16	16.2	44.5	-72.3
17	17.7	44.7	-71.9
18	20.0	44.7	-73.3
19	19.3	45.0	-71.4
20	30.6	44.3	-72.6
21	40.8	44.6	-73.2
22	30.5	44.5	-73.1
23	22.1	44.7	-73.1
24	19.0	44.8	-72.2
25	18.7	45.0	-71.3
26	10.4	44.6	-73.1
27	10.2	44.6	-72.1
28	11.4	44.6	-71.4
29	8.5	44.7	-71.3
32	9.5	44.7	-72.8
33	8.8	44.6	-72.2
34	9.9	44.5	-71.4
36	25.6	44.8	-73.3
37	30.3	44.6	-73.0
38	16.5	44.6	-72.3
39	21.0	44.6	-72.0
40	26.7	44.7	-71.8
41	24.9	44.7	-72.9
42	29.6	44.7	-72.6
43	20.3	44.7	-72.2
44	19.5	44.8	-71.7
46	29.9	44.8	-72.9
47	33.4	44.8	-72.3