LandisData  "Base Wind"


>>----------------
>> REQUIRED INPUTS
>>-----------------

Timestep  10


>>-------------------------------------
>> WIND DISTURBANCE REGIME PARAMETERS
>>------------------------------------

>>             ___ Event Size ___   Rotation
>> Ecoregion    Max   Mean    Min   Period
>> ---------   ----   ----   ----   --------
    1        	100 	5 	0.2 700
    2		100 	5 	0.2 700
    3		100 	5 	0.2 700
    4		100 	5 	0.2 700
    5		100 	5 	0.2 700
    6		100 	5 	0.2 700
    7		100 	5 	0.2 700
    8		100 	5 	0.2 700
    12		100 	5 	0.2 700
    14		100 	5 	0.2 700
    15		100 	5 	0.2 700
    16		100 	5 	0.2 600
    17		100 	5 	0.2 500
    18		100 	5 	0.2 500
    19		100 	5 	0.2 500
    20		100 	5 	0.2 500
    21		100 	5 	0.2 500
    22		100 	5 	0.2 500
    23		100 	5 	0.2 500
    24		100 	5 	0.2 500
    25		100 	5 	0.2 500
    26		100 	5 	0.2 500
    27		100 	5 	0.2 500
    28		100 	5 	0.2 500
    29		100 	5 	0.2 500
    32		100 	5 	0.2 500
    33		100 	5 	0.2 500
    34		100 	5 	0.2 500
    36		100 	5 	0.2 500
    37		100 	5 	0.2 500
    38		100 	5 	0.2 500
    39		100 	5 	0.2 500
    40		100 	5 	0.2 500
    41		100 	5 	0.2 500
    42		100 	5 	0.2 500
    43		100 	5 	0.2 500
    44		100 	5 	0.2 500
    46		100 	5 	0.2 500
    47		100 	5 	0.2 500
   
    

WindSeverities

 >>            Cohort Age       Mortality
 >> Severity   % of longevity   Probability
 >> --------   --------------   -----------
       5          0% to  20%       0.05
       4         20% to  50%       0.1
       3         50% to  70%       0.5
       2         70% to  85%       0.85
       1         85% to 100%       0.95


>>-------------
>> OUTPUTS
>>-------------


MapNames  wind/severity-{timestep}.bin
LogFile   wind-test-log.csv