year eco spp probest maxanpp maxbio
0 1 ABIEBALS 0.427 461 13830
0 1 ACERPENS 0.349 1276 38280
0 1 ACERRUBR 0.167 1139 34170
0 1 ACERSACC 0.501 1471 44130
0 1 BETUALLE 0.464 1353 40590
0 1 BETULENT 0.315 1775 53250
0 1 BETUPAPY 0.463 1450 43500
0 1 CARYCORD 0.231 1536 46080
0 1 CARYOVAT 0.028 1040 31200
0 1 CASTDENT 0 810 24300
0 1 FAGUGRAN 0.138 1228 36840
0 1 FRAXAMER 0.226 1302 39060
0 1 FRAXNIGR 0.27 1302 39060
0 1 FRAXPENN 0.23 1047 31410
0 1 LARILARI 0.643 218 6540
0 1 PICEABIE 0.609 294 8820
0 1 PICEGLAU 0.309 303 9090
0 1 PICEMARI 0.269 303 9090
0 1 PICERUBE 0.349 303 9090
0 1 PINURESI 0.553 568 17040
0 1 PINUSTRO 0.576 1092 32760
0 1 POPUGRAN 0.523 1588 47640
0 1 POPUTREM 0.715 1334 40020
0 1 PRUNPENS 0.429 1448 43440
0 1 PRUNSERO 0.312 1574 47220
0 1 QUERALBA 0.232 1514 45420
0 1 QUERRUBR 0.469 1257 37710
0 1 THUJOCCI 0.593 524 15720
0 1 TILIAMER 0.336 1873 56190
0 1 TSUGCANA 0.372 428 12840
0 1 ULMUAMER 0.27 1203 36090
0 2 ABIEBALS 0.921 462 13860
0 2 ACERPENS 0.248 1227 36810
0 2 ACERRUBR 0.142 1089 32670
0 2 ACERSACC 0.398 1412 42360
0 2 BETUALLE 0.639 1296 38880
0 2 BETULENT 0.228 1709 51270
0 2 BETUPAPY 0.86 1386 41580
0 2 CARYCORD 0.103 1478 44340
0 2 CARYOVAT 0.003 996 29880
0 2 CASTDENT 0 772 23160
0 2 FAGUGRAN 0.077 1176 35280
0 2 FRAXAMER 0.122 1243 37290
0 2 FRAXNIGR 0.752 1243 37290
0 2 FRAXPENN 0.317 997 29910
0 2 LARILARI 0.982 206 6180
0 2 PICEABIE 0.754 295 8850
0 2 PICEGLAU 0.712 297 8910
0 2 PICEMARI 0.704 297 8910
0 2 PICERUBE 0.248 297 8910
0 2 PINURESI 0.771 511 15330
0 2 PINUSTRO 0.53 1050 31500
0 2 POPUGRAN 0.501 1523 45690
0 2 POPUTREM 0.892 1275 38250
0 2 PRUNPENS 0.874 1391 41730
0 2 PRUNSERO 0.179 1510 45300
0 2 QUERALBA 0.175 1450 43500
0 2 QUERRUBR 0.557 1200 36000
0 2 THUJOCCI 0.808 525 15750
0 2 TILIAMER 0.203 1804 54120
0 2 TSUGCANA 0.45 427 12810
0 2 ULMUAMER 0.169 1154 34620
0 3 ABIEBALS 0.981 470 14100
0 3 ACERPENS 0.345 1227 36810
0 3 ACERRUBR 0.134 1089 32670
0 3 ACERSACC 0.386 1414 42420
0 3 BETUALLE 0.626 1298 38940
0 3 BETULENT 0.211 1710 51300
0 3 BETUPAPY 0.885 1389 41670
0 3 CARYCORD 0.082 1479 44370
0 3 CARYOVAT 0 996 29880
0 3 CASTDENT 0 773 23190
0 3 FAGUGRAN 0.093 1177 35310
0 3 FRAXAMER 0.114 1246 37380
0 3 FRAXNIGR 0.737 1246 37380
0 3 FRAXPENN 0.356 999 29970
0 3 LARILARI 0.989 208 6240
0 3 PICEABIE 0.757 298 8940
0 3 PICEGLAU 0.74 301 9030
0 3 PICEMARI 0.731 301 9030
0 3 PICERUBE 0.345 301 9030
0 3 PINURESI 0.785 513 15390
0 3 PINUSTRO 0.521 1055 31650
0 3 POPUGRAN 0.483 1523 45690
0 3 POPUTREM 0.894 1277 38310
0 3 PRUNPENS 0.982 1393 41790
0 3 PRUNSERO 0.182 1511 45330
0 3 QUERALBA 0.174 1451 43530
0 3 QUERRUBR 0.542 1201 36030
0 3 THUJOCCI 0.799 534 16020
0 3 TILIAMER 0.184 1805 54150
0 3 TSUGCANA 0.459 435 13050
0 3 ULMUAMER 0.165 1154 34620
0 4 ABIEBALS 0 521 15630
0 4 ACERPENS 0 1309 39270
0 4 ACERRUBR 0 1172 35160
0 4 ACERSACC 0 1513 45390
0 4 BETUALLE 0 1390 41700
0 4 BETULENT 0 1824 54720
0 4 BETUPAPY 0 1491 44730
0 4 CARYCORD 0 1577 47310
0 4 CARYOVAT 0 1069 32070
0 4 CASTDENT 0 836 25080
0 4 FAGUGRAN 0 1264 37920
0 4 FRAXAMER 0 1340 40200
0 4 FRAXNIGR 0 1340 40200
0 4 FRAXPENN 0 1081 32430
0 4 LARILARI 0 260 7800
0 4 PICEABIE 0 334 10020
0 4 PICEGLAU 0 343 10290
0 4 PICEMARI 0 343 10290
0 4 PICERUBE 0 343 10290
0 4 PINURESI 0 608 18240
0 4 PINUSTRO 0 1143 34290
0 4 POPUGRAN 0 1628 48840
0 4 POPUTREM 0 1375 41250
0 4 PRUNPENS 0 1488 44640
0 4 PRUNSERO 0 1617 48510
0 4 QUERALBA 0 1559 46770
0 4 QUERRUBR 0 1295 38850
0 4 THUJOCCI 0 591 17730
0 4 TILIAMER 0 1925 57750
0 4 TSUGCANA 0 480 14400
0 4 ULMUAMER 0 1237 37110
0 5 ABIEBALS 0.859 499 14970
0 5 ACERPENS 0.561 1204 36120
0 5 ACERRUBR 0.311 1065 31950
0 5 ACERSACC 0.73 1385 41550
0 5 BETUALLE 0.868 1273 38190
0 5 BETULENT 0.603 1679 50370
0 5 BETUPAPY 0.506 1361 40830
0 5 CARYCORD 0.241 1452 43560
0 5 CARYOVAT 0.044 976 29280
0 5 CASTDENT 0 756 22680
0 5 FAGUGRAN 0.234 1154 34620
0 5 FRAXAMER 0.24 1220 36600
0 5 FRAXNIGR 0.816 1220 36600
0 5 FRAXPENN 0.518 974 29220
0 5 LARILARI 0.916 227 6810
0 5 PICEABIE 0.963 319 9570
0 5 PICEGLAU 0.295 321 9630
0 5 PICEMARI 0.29 321 9630
0 5 PICERUBE 0.561 321 9630
0 5 PINURESI 0.657 487 14610
0 5 PINUSTRO 0.777 1047 31410
0 5 POPUGRAN 0.777 1492 44760
0 5 POPUTREM 0.984 1249 37470
0 5 PRUNPENS 0.873 1367 41010
0 5 PRUNSERO 0.377 1481 44430
0 5 QUERALBA 0.301 1422 42660
0 5 QUERRUBR 0.765 1174 35220
0 5 THUJOCCI 0.775 567 17010
0 5 TILIAMER 0.588 1774 53220
0 5 TSUGCANA 0.712 458 13740
0 5 ULMUAMER 0.319 1131 33930
0 6 ABIEBALS 0.953 539 16170
0 6 ACERPENS 0.208 1205 36150
0 6 ACERRUBR 0.083 1067 32010
0 6 ACERSACC 0.248 1385 41550
0 6 BETUALLE 0.447 1273 38190
0 6 BETULENT 0.132 1681 50430
0 6 BETUPAPY 0.907 1360 40800
0 6 CARYCORD 0.034 1453 43590
0 6 CARYOVAT 0 976 29280
0 6 CASTDENT 0 756 22680
0 6 FAGUGRAN 0.05 1156 34680
0 6 FRAXAMER 0.054 1219 36570
0 6 FRAXNIGR 0.567 1219 36570
0 6 FRAXPENN 0.274 974 29220
0 6 LARILARI 0.973 256 7680
0 6 PICEABIE 0.623 345 10350
0 6 PICEGLAU 0.803 347 10410
0 6 PICEMARI 0.796 347 10410
0 6 PICERUBE 0.208 347 10410
0 6 PINURESI 0.666 488 14640
0 6 PINUSTRO 0.426 1058 31740
0 6 POPUGRAN 0.341 1492 44760
0 6 POPUTREM 0.822 1249 37470
0 6 PRUNPENS 0.897 1368 41040
0 6 PRUNSERO 0.101 1482 44460
0 6 QUERALBA 0.09 1421 42630
0 6 QUERRUBR 0.464 1173 35190
0 6 THUJOCCI 0.712 613 18390
0 6 TILIAMER 0.068 1776 53280
0 6 TSUGCANA 0.303 492 14760
0 6 ULMUAMER 0.124 1132 33960
0 7 ABIEBALS 0.969 620 18600
0 7 ACERPENS 0.174 1108 33240
0 7 ACERRUBR 0.078 970 29100
0 7 ACERSACC 0.254 1270 38100
0 7 BETUALLE 0.523 1166 34980
0 7 BETULENT 0.07 1549 46470
0 7 BETUPAPY 0.952 1244 37320
0 7 CARYCORD 0.035 1340 40200
0 7 CARYOVAT 0 893 26790
0 7 CASTDENT 0 686 20580
0 7 FAGUGRAN 0.038 1058 31740
0 7 FRAXAMER 0.063 1112 33360
0 7 FRAXNIGR 0.685 1112 33360
0 7 FRAXPENN 0.267 877 26310
0 7 LARILARI 0.982 250 7500
0 7 PICEABIE 0.577 398 11940
0 7 PICEGLAU 0.86 398 11940
0 7 PICEMARI 0.852 398 11940
0 7 PICERUBE 0.174 398 11940
0 7 PINURESI 0.681 373 11190
0 7 PINUSTRO 0.405 982 29460
0 7 POPUGRAN 0.391 1365 40950
0 7 POPUTREM 0.813 1139 34170
0 7 PRUNPENS 0.957 1260 37800
0 7 PRUNSERO 0.124 1358 40740
0 7 QUERALBA 0.122 1301 39030
0 7 QUERRUBR 0.456 1065 31950
0 7 THUJOCCI 0.737 707 21210
0 7 TILIAMER 0.068 1640 49200
0 7 TSUGCANA 0.397 558 16740
0 7 ULMUAMER 0.104 1036 31080
0 8 ABIEBALS 0.721 552 16560
0 8 ACERPENS 0 1234 37020
0 8 ACERRUBR 0 1094 32820
0 8 ACERSACC 0 1420 42600
0 8 BETUALLE 0.044 1305 39150
0 8 BETULENT 0 1719 51570
0 8 BETUPAPY 0.9 1396 41880
0 8 CARYCORD 0 1487 44610
0 8 CARYOVAT 0 1001 30030
0 8 CASTDENT 0 777 23310
0 8 FAGUGRAN 0 1184 35520
0 8 FRAXAMER 0 1252 37560
0 8 FRAXNIGR 0.135 1252 37560
0 8 FRAXPENN 0.031 1000 30000
0 8 LARILARI 0.866 263 7890
0 8 PICEABIE 0.081 349 10470
0 8 PICEGLAU 0.965 355 10650
0 8 PICEMARI 0.965 355 10650
0 8 PICERUBE 0 355 10650
0 8 PINURESI 0.064 521 15630
0 8 PINUSTRO 0.03 1088 32640
0 8 POPUGRAN 0.03 1528 45840
0 8 POPUTREM 0.492 1282 38460
0 8 PRUNPENS 0.608 1401 42030
0 8 PRUNSERO 0 1518 45540
0 8 QUERALBA 0 1458 43740
0 8 QUERRUBR 0.093 1205 36150
0 8 THUJOCCI 0.181 626 18780
0 8 TILIAMER 0 1816 54480
0 8 TSUGCANA 0.067 506 15180
0 8 ULMUAMER 0 1161 34830
0 9 ABIEBALS 0.687 609 18270
0 9 ACERPENS 0.143 1245 37350
0 9 ACERRUBR 0.097 1106 33180
0 9 ACERSACC 0.275 1434 43020
0 9 BETUALLE 0.42 1317 39510
0 9 BETULENT 0.14 1737 52110
0 9 BETUPAPY 0.727 1410 42300
0 9 CARYCORD 0.054 1501 45030
0 9 CARYOVAT 0.001 1010 30300
0 9 CASTDENT 0 785 23550
0 9 FAGUGRAN 0.04 1197 35910
0 9 FRAXAMER 0.05 1264 37920
0 9 FRAXNIGR 0.202 1264 37920
0 9 FRAXPENN 0.222 1013 30390
0 9 LARILARI 0.758 306 9180
0 9 PICEABIE 0.481 392 11760
0 9 PICEGLAU 0.7 401 12030
0 9 PICEMARI 0.659 401 12030
0 9 PICERUBE 0.143 401 12030
0 9 PINURESI 0.556 532 15960
0 9 PINUSTRO 0.378 1119 33570
0 9 POPUGRAN 0.355 1542 46260
0 9 POPUTREM 0.68 1295 38850
0 9 PRUNPENS 0.678 1415 42450
0 9 PRUNSERO 0.134 1534 46020
0 9 QUERALBA 0.084 1474 44220
0 9 QUERRUBR 0.378 1218 36540
0 9 THUJOCCI 0.575 692 20760
0 9 TILIAMER 0.123 1834 55020
0 9 TSUGCANA 0.306 558 16740
0 9 ULMUAMER 0.135 1172 35160
0 12 ABIEBALS 0.661 534 16020
0 12 ACERPENS 0.438 1288 38640
0 12 ACERRUBR 0.185 1150 34500
0 12 ACERSACC 0.515 1487 44610
0 12 BETUALLE 0.596 1366 40980
0 12 BETULENT 0.367 1791 53730
0 12 BETUPAPY 0.6 1464 43920
0 12 CARYCORD 0.202 1551 46530
0 12 CARYOVAT 0.016 1049 31470
0 12 CASTDENT 0 818 24540
0 12 FAGUGRAN 0.154 1240 37200
0 12 FRAXAMER 0.218 1315 39450
0 12 FRAXNIGR 0.311 1315 39450
0 12 FRAXPENN 0.361 1057 31710
0 12 LARILARI 0.826 266 7980
0 12 PICEABIE 0.755 342 10260
0 12 PICEGLAU 0.433 351 10530
0 12 PICEMARI 0.412 351 10530
0 12 PICERUBE 0.438 351 10530
0 12 PINURESI 0.675 579 17370
0 12 PINUSTRO 0.652 1125 33750
0 12 POPUGRAN 0.568 1598 47940
0 12 POPUTREM 0.855 1348 40440
0 12 PRUNPENS 0.672 1463 43890
0 12 PRUNSERO 0.282 1588 47640
0 12 QUERALBA 0.257 1529 45870
0 12 QUERRUBR 0.582 1267 38010
0 12 THUJOCCI 0.739 606 18180
0 12 TILIAMER 0.324 1887 56610
0 12 TSUGCANA 0.472 490 14700
0 12 ULMUAMER 0.27 1216 36480
0 14 ABIEBALS 0.873 526 15780
0 14 ACERPENS 0.34 1290 38700
0 14 ACERRUBR 0.29 1152 34560
0 14 ACERSACC 0.688 1490 44700
0 14 BETUALLE 0.831 1369 41070
0 14 BETULENT 0.551 1797 53910
0 14 BETUPAPY 0.623 1466 43980
0 14 CARYCORD 0.205 1553 46590
0 14 CARYOVAT 0.015 1052 31560
0 14 CASTDENT 0 820 24600
0 14 FAGUGRAN 0.134 1243 37290
0 14 FRAXAMER 0.208 1316 39480
0 14 FRAXNIGR 0.772 1316 39480
0 14 FRAXPENN 0.471 1061 31830
0 14 LARILARI 0.928 261 7830
0 14 PICEABIE 0.898 337 10110
0 14 PICEGLAU 0.407 346 10380
0 14 PICEMARI 0.401 346 10380
0 14 PICERUBE 0.34 346 10380
0 14 PINURESI 0.749 583 17490
0 14 PINUSTRO 0.776 1126 33780
0 14 POPUGRAN 0.74 1603 48090
0 14 POPUTREM 0.949 1350 40500
0 14 PRUNPENS 0.904 1466 43980
0 14 PRUNSERO 0.31 1592 47760
0 14 QUERALBA 0.264 1533 45990
0 14 QUERRUBR 0.761 1270 38100
0 14 THUJOCCI 0.841 597 17910
0 14 TILIAMER 0.456 1897 56910
0 14 TSUGCANA 0.586 483 14490
0 14 ULMUAMER 0.311 1218 36540
0 15 ABIEBALS 0.807 551 16530
0 15 ACERPENS 0.361 1254 37620
0 15 ACERRUBR 0.151 1114 33420
0 15 ACERSACC 0.429 1444 43320
0 15 BETUALLE 0.613 1327 39810
0 15 BETULENT 0.285 1747 52410
0 15 BETUPAPY 0.77 1420 42600
0 15 CARYCORD 0.087 1511 45330
0 15 CARYOVAT 0.008 1019 30570
0 15 CASTDENT 0 792 23760
0 15 FAGUGRAN 0.11 1205 36150
0 15 FRAXAMER 0.118 1274 38220
0 15 FRAXNIGR 0.423 1274 38220
0 15 FRAXPENN 0.333 1021 30630
0 15 LARILARI 0.883 271 8130
0 15 PICEABIE 0.733 353 10590
0 15 PICEGLAU 0.632 362 10860
0 15 PICEMARI 0.613 362 10860
0 15 PICERUBE 0.361 362 10860
0 15 PINURESI 0.822 539 16170
0 15 PINUSTRO 0.611 1111 33330
0 15 POPUGRAN 0.518 1554 46620
0 15 POPUTREM 0.856 1305 39150
0 15 PRUNPENS 0.805 1424 42720
0 15 PRUNSERO 0.175 1544 46320
0 15 QUERALBA 0.172 1484 44520
0 15 QUERRUBR 0.598 1228 36840
0 15 THUJOCCI 0.84 626 18780
0 15 TILIAMER 0.179 1846 55380
0 15 TSUGCANA 0.393 511 15330
0 15 ULMUAMER 0.208 1181 35430
0 16 ABIEBALS 0.874 555 16650
0 16 ACERPENS 0.288 1220 36600
0 16 ACERRUBR 0.105 1080 32400
0 16 ACERSACC 0.304 1403 42090
0 16 BETUALLE 0.484 1290 38700
0 16 BETULENT 0.163 1700 51000
0 16 BETUPAPY 0.856 1378 41340
0 16 CARYCORD 0.084 1471 44130
0 16 CARYOVAT 0.003 989 29670
0 16 CASTDENT 0 766 22980
0 16 FAGUGRAN 0.078 1169 35070
0 16 FRAXAMER 0.107 1236 37080
0 16 FRAXNIGR 0.544 1236 37080
0 16 FRAXPENN 0.268 987 29610
0 16 LARILARI 0.914 274 8220
0 16 PICEABIE 0.558 356 10680
0 16 PICEGLAU 0.764 357 10710
0 16 PICEMARI 0.747 357 10710
0 16 PICERUBE 0.288 357 10710
0 16 PINURESI 0.628 501 15030
0 16 PINUSTRO 0.439 1072 32160
0 16 POPUGRAN 0.399 1510 45300
0 16 POPUTREM 0.783 1266 37980
0 16 PRUNPENS 0.868 1385 41550
0 16 PRUNSERO 0.152 1501 45030
0 16 QUERALBA 0.156 1441 43230
0 16 QUERRUBR 0.453 1189 35670
0 16 THUJOCCI 0.68 630 18900
0 16 TILIAMER 0.156 1796 53880
0 16 TSUGCANA 0.357 505 15150
0 16 ULMUAMER 0.137 1147 34410
0 17 ABIEBALS 0.777 581 17430
0 17 ACERPENS 0.004 1169 35070
0 17 ACERRUBR 0.01 1032 30960
0 17 ACERSACC 0.063 1343 40290
0 17 BETUALLE 0.163 1234 37020
0 17 BETULENT 0.008 1633 48990
0 17 BETUPAPY 0.878 1318 39540
0 17 CARYCORD 0.006 1411 42330
0 17 CARYOVAT 0 946 28380
0 17 CASTDENT 0 730 21900
0 17 FAGUGRAN 0 1119 33570
0 17 FRAXAMER 0.006 1181 35430
0 17 FRAXNIGR 0.255 1181 35430
0 17 FRAXPENN 0.11 938 28140
0 17 LARILARI 0.846 278 8340
0 17 PICEABIE 0.216 373 11190
0 17 PICEGLAU 0.895 370 11100
0 17 PICEMARI 0.871 370 11100
0 17 PICERUBE 0.004 370 11100
0 17 PINURESI 0.329 445 13350
0 17 PINUSTRO 0.181 1039 31170
0 17 POPUGRAN 0.134 1445 43350
0 17 POPUTREM 0.615 1209 36270
0 17 PRUNPENS 0.756 1329 39870
0 17 PRUNSERO 0.034 1438 43140
0 17 QUERALBA 0.016 1378 41340
0 17 QUERRUBR 0.23 1134 34020
0 17 THUJOCCI 0.465 660 19800
0 17 TILIAMER 0.005 1726 51780
0 17 TSUGCANA 0.171 527 15810
0 17 ULMUAMER 0.045 1097 32910
0 18 ABIEBALS 0.671 543 16290
0 18 ACERPENS 0.519 1331 39930
0 18 ACERRUBR 0.305 1192 35760
0 18 ACERSACC 0.752 1538 46140
0 18 BETUALLE 0.76 1413 42390
0 18 BETULENT 0.57 1851 55530
0 18 BETUPAPY 0.464 1515 45450
0 18 CARYCORD 0.231 1601 48030
0 18 CARYOVAT 0.036 1086 32580
0 18 CASTDENT 0 849 25470
0 18 FAGUGRAN 0.235 1283 38490
0 18 FRAXAMER 0.228 1362 40860
0 18 FRAXNIGR 0.457 1362 40860
0 18 FRAXPENN 0.436 1100 33000
0 18 LARILARI 0.829 276 8280
0 18 PICEABIE 0.849 349 10470
0 18 PICEGLAU 0.273 358 10740
0 18 PICEMARI 0.265 358 10740
0 18 PICERUBE 0.519 358 10740
0 18 PINURESI 0.603 635 19050
0 18 PINUSTRO 0.798 1170 35100
0 18 POPUGRAN 0.781 1653 49590
0 18 POPUTREM 0.897 1397 41910
0 18 PRUNPENS 0.66 1511 45330
0 18 PRUNSERO 0.361 1644 49320
0 18 QUERALBA 0.283 1584 47520
0 18 QUERRUBR 0.748 1316 39480
0 18 THUJOCCI 0.713 617 18510
0 18 TILIAMER 0.524 1953 58590
0 18 TSUGCANA 0.569 498 14940
0 18 ULMUAMER 0.358 1258 37740
0 19 ABIEBALS 0.714 634 19020
0 19 ACERPENS 0 1109 33270
0 19 ACERRUBR 0.001 970 29100
0 19 ACERSACC 0.007 1269 38070
0 19 BETUALLE 0.047 1167 35010
0 19 BETULENT 0 1550 46500
0 19 BETUPAPY 0.833 1243 37290
0 19 CARYCORD 0 1341 40230
0 19 CARYOVAT 0 894 26820
0 19 CASTDENT 0 686 20580
0 19 FAGUGRAN 0 1058 31740
0 19 FRAXAMER 0 1112 33360
0 19 FRAXNIGR 0.101 1112 33360
0 19 FRAXPENN 0.061 877 26310
0 19 LARILARI 0.813 258 7740
0 19 PICEABIE 0.123 407 12210
0 19 PICEGLAU 0.902 407 12210
0 19 PICEMARI 0.905 407 12210
0 19 PICERUBE 0 407 12210
0 19 PINURESI 0.105 372 11160
0 19 PINUSTRO 0.054 982 29460
0 19 POPUGRAN 0.033 1365 40950
0 19 POPUTREM 0.451 1138 34140
0 19 PRUNPENS 0.661 1261 37830
0 19 PRUNSERO 0.004 1359 40770
0 19 QUERALBA 0.005 1299 38970
0 19 QUERRUBR 0.092 1066 31980
0 19 THUJOCCI 0.171 722 21660
0 19 TILIAMER 0 1640 49200
0 19 TSUGCANA 0.046 570 17100
0 19 ULMUAMER 0.008 1037 31110
0 20 ABIEBALS 0.904 462 13860
0 20 ACERPENS 0.259 1229 36870
0 20 ACERRUBR 0.154 1091 32730
0 20 ACERSACC 0.412 1416 42480
0 20 BETUALLE 0.638 1300 39000
0 20 BETULENT 0.273 1712 51360
0 20 BETUPAPY 0.831 1391 41730
0 20 CARYCORD 0.072 1483 44490
0 20 CARYOVAT 0.004 999 29970
0 20 CASTDENT 0 774 23220
0 20 FAGUGRAN 0.075 1179 35370
0 20 FRAXAMER 0.096 1247 37410
0 20 FRAXNIGR 0.733 1247 37410
0 20 FRAXPENN 0.353 1001 30030
0 20 LARILARI 0.973 202 6060
0 20 PICEABIE 0.744 292 8760
0 20 PICEGLAU 0.695 297 8910
0 20 PICEMARI 0.686 297 8910
0 20 PICERUBE 0.259 297 8910
0 20 PINURESI 0.775 515 15450
0 20 PINUSTRO 0.582 1055 31650
0 20 POPUGRAN 0.514 1527 45810
0 20 POPUTREM 0.887 1279 38370
0 20 PRUNPENS 0.912 1395 41850
0 20 PRUNSERO 0.164 1514 45420
0 20 QUERALBA 0.147 1453 43590
0 20 QUERRUBR 0.608 1204 36120
0 20 THUJOCCI 0.833 525 15750
0 20 TILIAMER 0.181 1806 54180
0 20 TSUGCANA 0.419 429 12870
0 20 ULMUAMER 0.193 1156 34680
0 21 ABIEBALS 0.45 509 15270
0 21 ACERPENS 0.255 1309 39270
0 21 ACERRUBR 0.159 1171 35130
0 21 ACERSACC 0.497 1512 45360
0 21 BETUALLE 0.482 1390 41700
0 21 BETULENT 0.299 1822 54660
0 21 BETUPAPY 0.46 1490 44700
0 21 CARYCORD 0.211 1576 47280
0 21 CARYOVAT 0.015 1068 32040
0 21 CASTDENT 0 834 25020
0 21 FAGUGRAN 0.115 1263 37890
0 21 FRAXAMER 0.208 1339 40170
0 21 FRAXNIGR 0.333 1339 40170
0 21 FRAXPENN 0.205 1082 32460
0 21 LARILARI 0.667 252 7560
0 21 PICEABIE 0.628 326 9780
0 21 PICEGLAU 0.289 335 10050
0 21 PICEMARI 0.282 335 10050
0 21 PICERUBE 0.255 335 10050
0 21 PINURESI 0.566 609 18270
0 21 PINUSTRO 0.564 1139 34170
0 21 POPUGRAN 0.52 1627 48810
0 21 POPUTREM 0.73 1374 41220
0 21 PRUNPENS 0.4 1487 44610
0 21 PRUNSERO 0.293 1616 48480
0 21 QUERALBA 0.229 1557 46710
0 21 QUERRUBR 0.454 1293 38790
0 21 THUJOCCI 0.618 578 17340
0 21 TILIAMER 0.296 1922 57660
0 21 TSUGCANA 0.326 469 14070
0 21 ULMUAMER 0.281 1237 37110
0 22 ABIEBALS 0.927 485 14550
0 22 ACERPENS 0.472 1275 38250
0 22 ACERRUBR 0.248 1137 34110
0 22 ACERSACC 0.613 1472 44160
0 22 BETUALLE 0.807 1353 40590
0 22 BETULENT 0.47 1776 53280
0 22 BETUPAPY 0.701 1448 43440
0 22 CARYCORD 0.214 1536 46080
0 22 CARYOVAT 0.006 1039 31170
0 22 CASTDENT 0 809 24270
0 22 FAGUGRAN 0.174 1228 36840
0 22 FRAXAMER 0.226 1300 39000
0 22 FRAXNIGR 0.826 1300 39000
0 22 FRAXPENN 0.459 1047 31410
0 22 LARILARI 0.956 233 6990
0 22 PICEABIE 0.877 310 9300
0 22 PICEGLAU 0.509 319 9570
0 22 PICEMARI 0.502 319 9570
0 22 PICERUBE 0.472 319 9570
0 22 PINURESI 0.781 567 17010
0 22 PINUSTRO 0.717 1100 33000
0 22 POPUGRAN 0.686 1587 47610
0 22 POPUTREM 0.947 1333 39990
0 22 PRUNPENS 0.953 1449 43470
0 22 PRUNSERO 0.289 1573 47190
0 22 QUERALBA 0.298 1513 45390
0 22 QUERRUBR 0.719 1254 37620
0 22 THUJOCCI 0.855 551 16530
0 22 TILIAMER 0.417 1876 56280
0 22 TSUGCANA 0.596 449 13470
0 22 ULMUAMER 0.27 1203 36090
0 23 ABIEBALS 0.807 507 15210
0 23 ACERPENS 0.323 1295 38850
0 23 ACERRUBR 0.251 1156 34680
0 23 ACERSACC 0.633 1496 44880
0 23 BETUALLE 0.751 1374 41220
0 23 BETULENT 0.495 1804 54120
0 23 BETUPAPY 0.597 1472 44160
0 23 CARYCORD 0.169 1559 46770
0 23 CARYOVAT 0.024 1055 31650
0 23 CASTDENT 0 823 24690
0 23 FAGUGRAN 0.133 1246 37380
0 23 FRAXAMER 0.172 1323 39690
0 23 FRAXNIGR 0.563 1323 39690
0 23 FRAXPENN 0.492 1066 31980
0 23 LARILARI 0.894 249 7470
0 23 PICEABIE 0.883 325 9750
0 23 PICEGLAU 0.394 334 10020
0 23 PICEMARI 0.387 334 10020
0 23 PICERUBE 0.323 334 10020
0 23 PINURESI 0.729 590 17700
0 23 PINUSTRO 0.726 1125 33750
0 23 POPUGRAN 0.681 1610 48300
0 23 POPUTREM 0.932 1355 40650
0 23 PRUNPENS 0.839 1470 44100
0 23 PRUNSERO 0.29 1599 47970
0 23 QUERALBA 0.219 1539 46170
0 23 QUERRUBR 0.704 1276 38280
0 23 THUJOCCI 0.799 576 17280
0 23 TILIAMER 0.419 1903 57090
0 23 TSUGCANA 0.521 468 14040
0 23 ULMUAMER 0.291 1222 36660
0 24 ABIEBALS 0.95 525 15750
0 24 ACERPENS 0.175 1226 36780
0 24 ACERRUBR 0.12 1087 32610
0 24 ACERSACC 0.362 1411 42330
0 24 BETUALLE 0.638 1297 38910
0 24 BETULENT 0.162 1708 51240
0 24 BETUPAPY 0.903 1386 41580
0 24 CARYCORD 0.06 1478 44340
0 24 CARYOVAT 0 994 29820
0 24 CASTDENT 0 771 23130
0 24 FAGUGRAN 0.042 1177 35310
0 24 FRAXAMER 0.09 1243 37290
0 24 FRAXNIGR 0.744 1243 37290
0 24 FRAXPENN 0.309 994 29820
0 24 LARILARI 0.973 246 7380
0 24 PICEABIE 0.69 333 9990
0 24 PICEGLAU 0.785 337 10110
0 24 PICEMARI 0.774 337 10110
0 24 PICERUBE 0.175 337 10110
0 24 PINURESI 0.767 512 15360
0 24 PINUSTRO 0.488 1072 32160
0 24 POPUGRAN 0.488 1519 45570
0 24 POPUTREM 0.861 1273 38190
0 24 PRUNPENS 0.945 1392 41760
0 24 PRUNSERO 0.152 1509 45270
0 24 QUERALBA 0.151 1450 43500
0 24 QUERRUBR 0.523 1198 35940
0 24 THUJOCCI 0.797 596 17880
0 24 TILIAMER 0.13 1805 54150
0 24 TSUGCANA 0.42 480 14400
0 24 ULMUAMER 0.144 1152 34560
0 25 ABIEBALS 0.655 640 19200
0 25 ACERPENS 0.019 1082 32460
0 25 ACERRUBR 0.009 943 28290
0 25 ACERSACC 0.035 1236 37080
0 25 BETUALLE 0.115 1136 34080
0 25 BETULENT 0 1513 45390
0 25 BETUPAPY 0.823 1210 36300
0 25 CARYCORD 0 1310 39300
0 25 CARYOVAT 0 870 26100
0 25 CASTDENT 0 666 19980
0 25 FAGUGRAN 0.003 1030 30900
0 25 FRAXAMER 0.004 1080 32400
0 25 FRAXNIGR 0.108 1080 32400
0 25 FRAXPENN 0.06 849 25470
0 25 LARILARI 0.799 241 7230
0 25 PICEABIE 0.121 412 12360
0 25 PICEGLAU 0.874 411 12330
0 25 PICEMARI 0.866 411 12330
0 25 PICERUBE 0.019 411 12330
0 25 PINURESI 0.157 345 10350
0 25 PINUSTRO 0.082 956 28680
0 25 POPUGRAN 0.082 1330 39900
0 25 POPUTREM 0.482 1105 33150
0 25 PRUNPENS 0.633 1231 36930
0 25 PRUNSERO 0.018 1324 39720
0 25 QUERALBA 0.013 1263 37890
0 25 QUERRUBR 0.127 1035 31050
0 25 THUJOCCI 0.23 731 21930
0 25 TILIAMER 0 1603 48090
0 25 TSUGCANA 0.105 574 17220
0 25 ULMUAMER 0.014 1010 30300
0 26 ABIEBALS 0.755 504 15120
0 26 ACERPENS 0.286 1287 38610
0 26 ACERRUBR 0.236 1148 34440
0 26 ACERSACC 0.541 1486 44580
0 26 BETUALLE 0.606 1366 40980
0 26 BETULENT 0.462 1793 53790
0 26 BETUPAPY 0.603 1463 43890
0 26 CARYCORD 0.2 1550 46500
0 26 CARYOVAT 0 1050 31500
0 26 CASTDENT 0 818 24540
0 26 FAGUGRAN 0.126 1239 37170
0 26 FRAXAMER 0.201 1314 39420
0 26 FRAXNIGR 0.236 1314 39420
0 26 FRAXPENN 0.422 1061 31830
0 26 LARILARI 0.861 246 7380
0 26 PICEABIE 0.806 323 9690
0 26 PICEGLAU 0.414 332 9960
0 26 PICEMARI 0.407 332 9960
0 26 PICERUBE 0.286 332 9960
0 26 PINURESI 0.711 581 17430
0 26 PINUSTRO 0.716 1117 33510
0 26 POPUGRAN 0.582 1599 47970
0 26 POPUTREM 0.883 1347 40410
0 26 PRUNPENS 0.769 1463 43890
0 26 PRUNSERO 0.291 1590 47700
0 26 QUERALBA 0.257 1531 45930
0 26 QUERRUBR 0.678 1267 38010
0 26 THUJOCCI 0.78 572 17160
0 26 TILIAMER 0.424 1891 56730
0 26 TSUGCANA 0.524 465 13950
0 26 ULMUAMER 0.299 1215 36450
0 27 ABIEBALS 0.634 512 15360
0 27 ACERPENS 0.131 1219 36570
0 27 ACERRUBR 0.057 1080 32400
0 27 ACERSACC 0.196 1402 42060
0 27 BETUALLE 0.321 1289 38670
0 27 BETULENT 0.091 1699 50970
0 27 BETUPAPY 0.784 1379 41370
0 27 CARYCORD 0.04 1470 44100
0 27 CARYOVAT 0 989 29670
0 27 CASTDENT 0 766 22980
0 27 FAGUGRAN 0.032 1169 35070
0 27 FRAXAMER 0.053 1236 37080
0 27 FRAXNIGR 0.247 1236 37080
0 27 FRAXPENN 0.15 988 29640
0 27 LARILARI 0.807 245 7350
0 27 PICEABIE 0.504 327 9810
0 27 PICEGLAU 0.735 329 9870
0 27 PICEMARI 0.713 329 9870
0 27 PICERUBE 0.131 329 9870
0 27 PINURESI 0.578 500 15000
0 27 PINUSTRO 0.358 1060 31800
0 27 POPUGRAN 0.277 1511 45330
0 27 POPUTREM 0.724 1266 37980
0 27 PRUNPENS 0.566 1384 41520
0 27 PRUNSERO 0.096 1500 45000
0 27 QUERALBA 0.075 1441 43230
0 27 QUERRUBR 0.375 1190 35700
0 27 THUJOCCI 0.609 582 17460
0 27 TILIAMER 0.079 1794 53820
0 27 TSUGCANA 0.258 470 14100
0 27 ULMUAMER 0.099 1146 34380
0 28 ABIEBALS 0.501 482 14460
0 28 ACERPENS 0.082 1175 35250
0 28 ACERRUBR 0.032 1036 31080
0 28 ACERSACC 0.127 1350 40500
0 28 BETUALLE 0.275 1240 37200
0 28 BETULENT 0.045 1640 49200
0 28 BETUPAPY 0.698 1325 39750
0 28 CARYCORD 0.022 1419 42570
0 28 CARYOVAT 0 951 28530
0 28 CASTDENT 0 735 22050
0 28 FAGUGRAN 0.023 1124 33720
0 28 FRAXAMER 0.029 1187 35610
0 28 FRAXNIGR 0.166 1187 35610
0 28 FRAXPENN 0.079 944 28320
0 28 LARILARI 0.673 225 6750
0 28 PICEABIE 0.294 308 9240
0 28 PICEGLAU 0.719 306 9180
0 28 PICEMARI 0.668 306 9180
0 28 PICERUBE 0.082 306 9180
0 28 PINURESI 0.478 454 13620
0 28 PINUSTRO 0.28 1028 30840
0 28 POPUGRAN 0.254 1455 43650
0 28 POPUTREM 0.606 1214 36420
0 28 PRUNPENS 0.477 1335 40050
0 28 PRUNSERO 0.072 1444 43320
0 28 QUERALBA 0.061 1385 41550
0 28 QUERRUBR 0.299 1141 34230
0 28 THUJOCCI 0.562 548 16440
0 28 TILIAMER 0.044 1733 51990
0 28 TSUGCANA 0.242 444 13320
0 28 ULMUAMER 0.059 1102 33060
0 29 ABIEBALS 0.325 516 15480
0 29 ACERPENS 0.019 1154 34620
0 29 ACERRUBR 0.013 1018 30540
0 29 ACERSACC 0.096 1326 39780
0 29 BETUALLE 0.129 1218 36540
0 29 BETULENT 0 1612 48360
0 29 BETUPAPY 0.424 1300 39000
0 29 CARYCORD 0 1394 41820
0 29 CARYOVAT 0 933 27990
0 29 CASTDENT 0 721 21630
0 29 FAGUGRAN 0.003 1105 33150
0 29 FRAXAMER 0.007 1164 34920
0 29 FRAXNIGR 0.181 1164 34920
0 29 FRAXPENN 0.063 924 27720
0 29 LARILARI 0.396 228 6840
0 29 PICEABIE 0.167 330 9900
0 29 PICEGLAU 0.447 327 9810
0 29 PICEMARI 0.388 327 9810
0 29 PICERUBE 0.019 327 9810
0 29 PINURESI 0.322 429 12870
0 29 PINUSTRO 0.177 1016 30480
0 29 POPUGRAN 0.138 1427 42810
0 29 POPUTREM 0.363 1191 35730
0 29 PRUNPENS 0.318 1312 39360
0 29 PRUNSERO 0.053 1418 42540
0 29 QUERALBA 0.017 1358 40740
0 29 QUERRUBR 0.151 1118 33540
0 29 THUJOCCI 0.365 587 17610
0 29 TILIAMER 0.015 1704 51120
0 29 TSUGCANA 0.097 473 14190
0 29 ULMUAMER 0.052 1083 32490
0 32 ABIEBALS 0.869 512 15360
0 32 ACERPENS 0.337 1273 38190
0 32 ACERRUBR 0.223 1135 34050
0 32 ACERSACC 0.582 1469 44070
0 32 BETUALLE 0.749 1351 40530
0 32 BETULENT 0.389 1772 53160
0 32 BETUPAPY 0.768 1447 43410
0 32 CARYCORD 0.14 1534 46020
0 32 CARYOVAT 0 1037 31110
0 32 CASTDENT 0 807 24210
0 32 FAGUGRAN 0.111 1226 36780
0 32 FRAXAMER 0.157 1298 38940
0 32 FRAXNIGR 0.576 1298 38940
0 32 FRAXPENN 0.385 1044 31320
0 32 LARILARI 0.925 251 7530
0 32 PICEABIE 0.833 327 9810
0 32 PICEGLAU 0.575 336 10080
0 32 PICEMARI 0.567 336 10080
0 32 PICERUBE 0.337 336 10080
0 32 PINURESI 0.819 563 16890
0 32 PINUSTRO 0.66 1108 33240
0 32 POPUGRAN 0.655 1581 47430
0 32 POPUTREM 0.904 1331 39930
0 32 PRUNPENS 0.839 1447 43410
0 32 PRUNSERO 0.271 1570 47100
0 32 QUERALBA 0.213 1511 45330
0 32 QUERRUBR 0.653 1252 37560
0 32 THUJOCCI 0.835 581 17430
0 32 TILIAMER 0.367 1869 56070
0 32 TSUGCANA 0.565 472 14160
0 32 ULMUAMER 0.238 1202 36060
0 33 ABIEBALS 0.764 504 15120
0 33 ACERPENS 0.251 1226 36780
0 33 ACERRUBR 0.138 1087 32610
0 33 ACERSACC 0.404 1411 42330
0 33 BETUALLE 0.584 1297 38910
0 33 BETULENT 0.207 1707 51210
0 33 BETUPAPY 0.776 1386 41580
0 33 CARYCORD 0.061 1478 44340
0 33 CARYOVAT 0 995 29850
0 33 CASTDENT 0 772 23160
0 33 FAGUGRAN 0.064 1177 35310
0 33 FRAXAMER 0.088 1242 37260
0 33 FRAXNIGR 0.423 1242 37260
0 33 FRAXPENN 0.301 994 29820
0 33 LARILARI 0.846 242 7260
0 33 PICEABIE 0.684 322 9660
0 33 PICEGLAU 0.678 324 9720
0 33 PICEMARI 0.655 324 9720
0 33 PICERUBE 0.251 324 9720
0 33 PINURESI 0.793 507 15210
0 33 PINUSTRO 0.546 1062 31860
0 33 POPUGRAN 0.505 1519 45570
0 33 POPUTREM 0.805 1274 38220
0 33 PRUNPENS 0.761 1392 41760
0 33 PRUNSERO 0.194 1509 45270
0 33 QUERALBA 0.139 1449 43470
0 33 QUERRUBR 0.539 1196 35880
0 33 THUJOCCI 0.797 573 17190
0 33 TILIAMER 0.198 1800 54000
0 33 TSUGCANA 0.452 463 13890
0 33 ULMUAMER 0.177 1152 34560
0 34 ABIEBALS 0.644 478 14340
0 34 ACERPENS 0.087 1171 35130
0 34 ACERRUBR 0.023 1033 30990
0 34 ACERSACC 0.138 1345 40350
0 34 BETUALLE 0.214 1236 37080
0 34 BETULENT 0.011 1634 49020
0 34 BETUPAPY 0.796 1321 39630
0 34 CARYCORD 0.014 1414 42420
0 34 CARYOVAT 0 948 28440
0 34 CASTDENT 0 732 21960
0 34 FAGUGRAN 0.008 1121 33630
0 34 FRAXAMER 0.036 1184 35520
0 34 FRAXNIGR 0.249 1184 35520
0 34 FRAXPENN 0.114 941 28230
0 34 LARILARI 0.781 201 6030
0 34 PICEABIE 0.347 305 9150
0 34 PICEGLAU 0.793 307 9210
0 34 PICEMARI 0.766 307 9210
0 34 PICERUBE 0.087 307 9210
0 34 PINURESI 0.396 452 13560
0 34 PINUSTRO 0.23 1015 30450
0 34 POPUGRAN 0.216 1451 43530
0 34 POPUTREM 0.628 1211 36330
0 34 PRUNPENS 0.584 1330 39900
0 34 PRUNSERO 0.07 1439 43170
0 34 QUERALBA 0.067 1380 41400
0 34 QUERRUBR 0.225 1137 34110
0 34 THUJOCCI 0.412 544 16320
0 34 TILIAMER 0.012 1725 51750
0 34 TSUGCANA 0.169 440 13200
0 34 ULMUAMER 0.058 1098 32940
0 36 ABIEBALS 0.735 548 16440
0 36 ACERPENS 0.556 1328 39840
0 36 ACERRUBR 0.297 1189 35670
0 36 ACERSACC 0.681 1535 46050
0 36 BETUALLE 0.712 1410 42300
0 36 BETULENT 0.639 1847 55410
0 36 BETUPAPY 0.471 1512 45360
0 36 CARYCORD 0.343 1598 47940
0 36 CARYOVAT 0.061 1084 32520
0 36 CASTDENT 0.002 847 25410
0 36 FAGUGRAN 0.274 1280 38400
0 36 FRAXAMER 0.337 1359 40770
0 36 FRAXNIGR 0.472 1359 40770
0 36 FRAXPENN 0.508 1097 32910
0 36 LARILARI 0.854 279 8370
0 36 PICEABIE 0.873 352 10560
0 36 PICEGLAU 0.262 361 10830
0 36 PICEMARI 0.257 361 10830
0 36 PICERUBE 0.556 361 10830
0 36 PINURESI 0.636 631 18930
0 36 PINUSTRO 0.846 1169 35070
0 36 POPUGRAN 0.713 1649 49470
0 36 POPUTREM 0.925 1393 41790
0 36 PRUNPENS 0.78 1508 45240
0 36 PRUNSERO 0.384 1640 49200
0 36 QUERALBA 0.414 1580 47400
0 36 QUERRUBR 0.819 1312 39360
0 36 THUJOCCI 0.776 622 18660
0 36 TILIAMER 0.557 1949 58470
0 36 TSUGCANA 0.627 502 15060
0 36 ULMUAMER 0.379 1255 37650
0 37 ABIEBALS 0.936 504 15120
0 37 ACERPENS 0.535 1282 38460
0 37 ACERRUBR 0.213 1145 34350
0 37 ACERSACC 0.547 1478 44340
0 37 BETUALLE 0.764 1359 40770
0 37 BETULENT 0.401 1786 53580
0 37 BETUPAPY 0.744 1454 43620
0 37 CARYCORD 0.18 1543 46290
0 37 CARYOVAT 0.018 1043 31290
0 37 CASTDENT 0 812 24360
0 37 FAGUGRAN 0.184 1233 36990
0 37 FRAXAMER 0.202 1309 39270
0 37 FRAXNIGR 0.818 1309 39270
0 37 FRAXPENN 0.43 1050 31500
0 37 LARILARI 0.962 246 7380
0 37 PICEABIE 0.837 322 9660
0 37 PICEGLAU 0.574 331 9930
0 37 PICEMARI 0.566 331 9930
0 37 PICERUBE 0.535 331 9930
0 37 PINURESI 0.831 573 17190
0 37 PINUSTRO 0.705 1111 33330
0 37 POPUGRAN 0.634 1591 47730
0 37 POPUTREM 0.929 1342 40260
0 37 PRUNPENS 0.956 1455 43650
0 37 PRUNSERO 0.272 1579 47370
0 37 QUERALBA 0.281 1522 45660
0 37 QUERRUBR 0.716 1260 37800
0 37 THUJOCCI 0.898 572 17160
0 37 TILIAMER 0.355 1883 56490
0 37 TSUGCANA 0.593 465 13950
0 37 ULMUAMER 0.255 1208 36240
0 38 ABIEBALS 0.869 532 15960
0 38 ACERPENS 0.279 1231 36930
0 38 ACERRUBR 0.114 1092 32760
0 38 ACERSACC 0.346 1416 42480
0 38 BETUALLE 0.578 1301 39030
0 38 BETULENT 0.146 1715 51450
0 38 BETUPAPY 0.88 1392 41760
0 38 CARYCORD 0.045 1484 44520
0 38 CARYOVAT 0 999 29970
0 38 CASTDENT 0 775 23250
0 38 FAGUGRAN 0.065 1182 35460
0 38 FRAXAMER 0.075 1248 37440
0 38 FRAXNIGR 0.645 1248 37440
0 38 FRAXPENN 0.265 998 29940
0 38 LARILARI 0.935 250 7500
0 38 PICEABIE 0.645 336 10080
0 38 PICEGLAU 0.788 342 10260
0 38 PICEMARI 0.774 342 10260
0 38 PICERUBE 0.279 342 10260
0 38 PINURESI 0.762 517 15510
0 38 PINUSTRO 0.493 1079 32370
0 38 POPUGRAN 0.464 1524 45720
0 38 POPUTREM 0.825 1280 38400
0 38 PRUNPENS 0.854 1398 41940
0 38 PRUNSERO 0.155 1514 45420
0 38 QUERALBA 0.136 1454 43620
0 38 QUERRUBR 0.525 1202 36060
0 38 THUJOCCI 0.794 604 18120
0 38 TILIAMER 0.13 1811 54330
0 38 TSUGCANA 0.403 488 14640
0 38 ULMUAMER 0.145 1158 34740
0 39 ABIEBALS 0.899 506 15180
0 39 ACERPENS 0.086 1195 35850
0 39 ACERRUBR 0.041 1055 31650
0 39 ACERSACC 0.142 1372 41160
0 39 BETUALLE 0.373 1262 37860
0 39 BETULENT 0.011 1666 49980
0 39 BETUPAPY 0.927 1348 40440
0 39 CARYCORD 0.004 1441 43230
0 39 CARYOVAT 0 968 29040
0 39 CASTDENT 0 748 22440
0 39 FAGUGRAN 0.015 1144 34320
0 39 FRAXAMER 0.024 1208 36240
0 39 FRAXNIGR 0.557 1208 36240
0 39 FRAXPENN 0.197 963 28890
0 39 LARILARI 0.921 250 7500
0 39 PICEABIE 0.468 324 9720
0 39 PICEGLAU 0.894 321 9630
0 39 PICEMARI 0.888 321 9630
0 39 PICERUBE 0.086 321 9630
0 39 PINURESI 0.497 473 14190
0 39 PINUSTRO 0.271 1049 31470
0 39 POPUGRAN 0.271 1479 44370
0 39 POPUTREM 0.763 1236 37080
0 39 PRUNPENS 0.881 1357 40710
0 39 PRUNSERO 0.062 1469 44070
0 39 QUERALBA 0.056 1409 42270
0 39 QUERRUBR 0.335 1161 34830
0 39 THUJOCCI 0.578 575 17250
0 39 TILIAMER 0.011 1760 52800
0 39 TSUGCANA 0.277 465 13950
0 39 ULMUAMER 0.057 1122 33660
0 40 ABIEBALS 0.916 554 16620
0 40 ACERPENS 0.068 1171 35130
0 40 ACERRUBR 0.022 1033 30990
0 40 ACERSACC 0.092 1347 40410
0 40 BETUALLE 0.279 1238 37140
0 40 BETULENT 0.022 1637 49110
0 40 BETUPAPY 0.968 1319 39570
0 40 CARYCORD 0.001 1414 42420
0 40 CARYOVAT 0 948 28440
0 40 CASTDENT 0 731 21930
0 40 FAGUGRAN 0.009 1121 33630
0 40 FRAXAMER 0.012 1182 35460
0 40 FRAXNIGR 0.467 1182 35460
0 40 FRAXPENN 0.167 938 28140
0 40 LARILARI 0.952 267 8010
0 40 PICEABIE 0.344 356 10680
0 40 PICEGLAU 0.936 353 10590
0 40 PICEMARI 0.931 353 10590
0 40 PICERUBE 0.068 353 10590
0 40 PINURESI 0.429 452 13560
0 40 PINUSTRO 0.237 1041 31230
0 40 POPUGRAN 0.2 1448 43440
0 40 POPUTREM 0.701 1210 36300
0 40 PRUNPENS 0.895 1331 39930
0 40 PRUNSERO 0.039 1439 43170
0 40 QUERALBA 0.039 1379 41370
0 40 QUERRUBR 0.316 1135 34050
0 40 THUJOCCI 0.548 630 18900
0 40 TILIAMER 0.001 1730 51900
0 40 TSUGCANA 0.218 505 15150
0 40 ULMUAMER 0.05 1100 33000
0 41 ABIEBALS 0.909 510 15300
0 41 ACERPENS 0.54 1280 38400
0 41 ACERRUBR 0.258 1143 34290
0 41 ACERSACC 0.629 1478 44340
0 41 BETUALLE 0.793 1359 40770
0 41 BETULENT 0.527 1785 53550
0 41 BETUPAPY 0.645 1455 43650
0 41 CARYCORD 0.189 1542 46260
0 41 CARYOVAT 0.017 1043 31290
0 41 CASTDENT 0 812 24360
0 41 FAGUGRAN 0.193 1232 36960
0 41 FRAXAMER 0.203 1306 39180
0 41 FRAXNIGR 0.786 1306 39180
0 41 FRAXPENN 0.495 1053 31590
0 41 LARILARI 0.946 250 7500
0 41 PICEABIE 0.921 326 9780
0 41 PICEGLAU 0.441 335 10050
0 41 PICEMARI 0.435 335 10050
0 41 PICERUBE 0.54 335 10050
0 41 PINURESI 0.77 572 17160
0 41 PINUSTRO 0.762 1112 33360
0 41 POPUGRAN 0.686 1592 47760
0 41 POPUTREM 0.966 1340 40200
0 41 PRUNPENS 0.943 1455 43650
0 41 PRUNSERO 0.289 1579 47370
0 41 QUERALBA 0.269 1521 45630
0 41 QUERRUBR 0.757 1260 37800
0 41 THUJOCCI 0.85 579 17370
0 41 TILIAMER 0.421 1883 56490
0 41 TSUGCANA 0.584 470 14100
0 41 ULMUAMER 0.297 1209 36270
0 42 ABIEBALS 0.968 542 16260
0 42 ACERPENS 0.26 1247 37410
0 42 ACERRUBR 0.182 1109 33270
0 42 ACERSACC 0.489 1437 43110
0 42 BETUALLE 0.719 1321 39630
0 42 BETULENT 0.308 1739 52170
0 42 BETUPAPY 0.825 1413 42390
0 42 CARYCORD 0.122 1504 45120
0 42 CARYOVAT 0 1013 30390
0 42 CASTDENT 0 787 23610
0 42 FAGUGRAN 0.083 1198 35940
0 42 FRAXAMER 0.14 1268 38040
0 42 FRAXNIGR 0.796 1268 38040
0 42 FRAXPENN 0.396 1016 30480
0 42 LARILARI 0.981 263 7890
0 42 PICEABIE 0.814 347 10410
0 42 PICEGLAU 0.657 356 10680
0 42 PICEMARI 0.649 356 10680
0 42 PICERUBE 0.26 356 10680
0 42 PINURESI 0.768 531 15930
0 42 PINUSTRO 0.578 1103 33090
0 42 POPUGRAN 0.577 1546 46380
0 42 POPUTREM 0.919 1299 38970
0 42 PRUNPENS 0.977 1417 42510
0 42 PRUNSERO 0.237 1536 46080
0 42 QUERALBA 0.198 1476 44280
0 42 QUERRUBR 0.589 1221 36630
0 42 THUJOCCI 0.797 616 18480
0 42 TILIAMER 0.3 1836 55080
0 42 TSUGCANA 0.54 503 15090
0 42 ULMUAMER 0.198 1175 35250
0 43 ABIEBALS 0.837 544 16320
0 43 ACERPENS 0.112 1201 36030
0 43 ACERRUBR 0.055 1062 31860
0 43 ACERSACC 0.167 1381 41430
0 43 BETUALLE 0.355 1269 38070
0 43 BETULENT 0.07 1675 50250
0 43 BETUPAPY 0.894 1355 40650
0 43 CARYCORD 0.035 1449 43470
0 43 CARYOVAT 0.003 973 29190
0 43 CASTDENT 0 752 22560
0 43 FAGUGRAN 0.032 1151 34530
0 43 FRAXAMER 0.045 1215 36450
0 43 FRAXNIGR 0.452 1215 36450
0 43 FRAXPENN 0.196 968 29040
0 43 LARILARI 0.912 277 8310
0 43 PICEABIE 0.48 349 10470
0 43 PICEGLAU 0.827 346 10380
0 43 PICEMARI 0.818 346 10380
0 43 PICERUBE 0.112 346 10380
0 43 PINURESI 0.519 481 14430
0 43 PINUSTRO 0.298 1063 31890
0 43 POPUGRAN 0.268 1486 44580
0 43 POPUTREM 0.742 1244 37320
0 43 PRUNPENS 0.776 1364 40920
0 43 PRUNSERO 0.077 1477 44310
0 43 QUERALBA 0.075 1416 42480
0 43 QUERRUBR 0.349 1168 35040
0 43 THUJOCCI 0.581 618 18540
0 43 TILIAMER 0.068 1770 53100
0 43 TSUGCANA 0.261 497 14910
0 43 ULMUAMER 0.075 1128 33840
0 44 ABIEBALS 0.834 566 16980
0 44 ACERPENS 0.025 1152 34560
0 44 ACERRUBR 0.013 1013 30390
0 44 ACERSACC 0.056 1322 39660
0 44 BETUALLE 0.2 1215 36450
0 44 BETULENT 0.008 1607 48210
0 44 BETUPAPY 0.936 1296 38880
0 44 CARYCORD 0 1390 41700
0 44 CARYOVAT 0 930 27900
0 44 CASTDENT 0 718 21540
0 44 FAGUGRAN 0 1102 33060
0 44 FRAXAMER 0 1160 34800
0 44 FRAXNIGR 0.354 1160 34800
0 44 FRAXPENN 0.098 920 27600
0 44 LARILARI 0.904 251 7530
0 44 PICEABIE 0.193 363 10890
0 44 PICEGLAU 0.959 360 10800
0 44 PICEMARI 0.957 360 10800
0 44 PICERUBE 0.025 360 10800
0 44 PINURESI 0.274 424 12720
0 44 PINUSTRO 0.143 1020 30600
0 44 POPUGRAN 0.143 1422 42660
0 44 POPUTREM 0.589 1187 35610
0 44 PRUNPENS 0.809 1308 39240
0 44 PRUNSERO 0.028 1414 42420
0 44 QUERALBA 0.016 1356 40680
0 44 QUERRUBR 0.22 1114 33420
0 44 THUJOCCI 0.398 644 19320
0 44 TILIAMER 0.008 1700 51000
0 44 TSUGCANA 0.196 515 15450
0 44 ULMUAMER 0.023 1080 32400
0 46 ABIEBALS 0.913 508 15240
0 46 ACERPENS 0.459 1283 38490
0 46 ACERRUBR 0.283 1144 34320
0 46 ACERSACC 0.687 1481 44430
0 46 BETUALLE 0.858 1362 40860
0 46 BETULENT 0.538 1787 53610
0 46 BETUPAPY 0.639 1457 43710
0 46 CARYCORD 0.243 1545 46350
0 46 CARYOVAT 0.019 1046 31380
0 46 CASTDENT 0 816 24480
0 46 FAGUGRAN 0.181 1236 37080
0 46 FRAXAMER 0.25 1310 39300
0 46 FRAXNIGR 0.843 1310 39300
0 46 FRAXPENN 0.46 1053 31590
0 46 LARILARI 0.948 249 7470
0 46 PICEABIE 0.938 325 9750
0 46 PICEGLAU 0.421 334 10020
0 46 PICEMARI 0.414 334 10020
0 46 PICERUBE 0.459 334 10020
0 46 PINURESI 0.731 574 17220
0 46 PINUSTRO 0.744 1113 33390
0 46 POPUGRAN 0.743 1594 47820
0 46 POPUTREM 0.974 1342 40260
0 46 PRUNPENS 0.848 1458 43740
0 46 PRUNSERO 0.347 1584 47520
0 46 QUERALBA 0.32 1524 45720
0 46 QUERRUBR 0.735 1262 37860
0 46 THUJOCCI 0.815 576 17280
0 46 TILIAMER 0.524 1886 56580
0 46 TSUGCANA 0.682 468 14040
0 46 ULMUAMER 0.293 1211 36330
0 47 ABIEBALS 0.932 513 15390
0 47 ACERPENS 0.22 1226 36780
0 47 ACERRUBR 0.086 1087 32610
0 47 ACERSACC 0.273 1412 42360
0 47 BETUALLE 0.522 1296 38880
0 47 BETULENT 0.091 1708 51240
0 47 BETUPAPY 0.9 1386 41580
0 47 CARYCORD 0.031 1478 44340
0 47 CARYOVAT 0 994 29820
0 47 CASTDENT 0 771 23130
0 47 FAGUGRAN 0.045 1177 35310
0 47 FRAXAMER 0.059 1243 37290
0 47 FRAXNIGR 0.672 1243 37290
0 47 FRAXPENN 0.26 994 29820
0 47 LARILARI 0.99 236 7080
0 47 PICEABIE 0.643 324 9720
0 47 PICEGLAU 0.839 329 9870
0 47 PICEMARI 0.83 329 9870
0 47 PICERUBE 0.22 329 9870
0 47 PINURESI 0.708 513 15390
0 47 PINUSTRO 0.422 1070 32100
0 47 POPUGRAN 0.389 1520 45600
0 47 POPUTREM 0.843 1274 38220
0 47 PRUNPENS 0.873 1392 41760
0 47 PRUNSERO 0.108 1510 45300
0 47 QUERALBA 0.111 1449 43470
0 47 QUERRUBR 0.462 1197 35910
0 47 THUJOCCI 0.74 582 17460
0 47 TILIAMER 0.064 1804 54120
0 47 TSUGCANA 0.333 472 14160
0 47 ULMUAMER 0.116 1153 34590
